% Generated on Feb 13, 2015 5:32:17 PM
 % Generated by Yash Naik ECE573 
 -0.49799395      3.8307228      8.781932
 -0.6799533      3.6391866      9.404425
 -0.6799533      3.6391866      9.404425
 -0.7661445      4.003105      9.021352
 -0.7661445      4.003105      9.021352
 -0.7661445      4.003105      9.021352
 -0.51714754      3.6966474      9.203311
 -0.545878      3.4955344      9.184157
 -0.4213795      3.41892      8.992621
 -0.49799395      3.5051112      9.241618
 -0.49799395      3.5051112      9.241618
 -0.6512229      3.4955344      9.452309
 -0.63206923      3.5338416      9.126697
 -0.58418524      3.3806129      9.279925
 -0.58418524      3.3806129      9.279925
 -0.58418524      3.3806129      9.279925
 -0.51714754      3.3327289      9.375694
 -0.5746084      3.3135753      9.289502
 -0.5746084      3.2848446      9.107543
 -0.545878      3.265691      9.299079
 -0.545878      3.265691      9.299079
 -0.51714754      3.1890767      9.461885
 -0.5650316      3.1507695      9.32781
 -0.5554548      3.1890767      9.308656
 -0.5554548      3.1890767      9.308656
 -0.5554548      3.1890767      9.308656
 -0.58418524      3.2465374      9.222465
 -0.6895301      3.169923      9.3182335
 -0.62249243      3.2561142      9.433155
 -0.5554548      3.2561142      9.509769
 -0.5554548      3.2273839      9.509769
 -0.6512229      3.074155      9.241618
 -0.5267244      3.2465374      9.14585
 -0.58418524      3.2273839      9.308656
 -0.58418524      3.2273839      9.308656
 -0.60333884      3.2465374      9.337387
 -0.60333884      3.2465374      9.337387
 -0.58418524      3.2369606      9.136273
 -0.5650316      3.2082303      9.3182335
 -0.5554548      3.169923      9.404425
 -0.5650316      3.2273839      9.279925
 -0.5650316      3.2369606      9.193734
 -0.60333884      3.2465374      9.3182335
 -0.60333884      3.2465374      9.3182335
 -0.62249243      3.169923      9.423578
 -0.62249243      3.169923      9.423578
 -0.5554548      3.2369606      9.299079
 -0.5554548      3.2369606      9.299079
 -0.60333884      3.265691      9.14585
 -0.5554548      3.2465374      9.165004
 -0.5650316      3.2082303      9.385271
 -0.60333884      3.1986535      9.5385
 -0.60333884      3.1986535      9.5385
 -0.5267244      3.2369606      9.174581
 -0.5650316      3.217807      9.136273
 -0.5650316      3.217807      9.136273
 -0.5650316      3.1890767      9.433155
 -0.545878      3.1603463      9.32781
 -0.58418524      3.1986535      9.203311
 -0.60333884      3.265691      9.203311
 -0.5746084      3.2752678      9.32781
 -0.5746084      3.2369606      9.3661175
 -0.5650316      3.2082303      9.279925
 -0.59376204      3.2369606      9.270349
 -0.60333884      3.2465374      9.346964
 -0.5650316      3.217807      9.251195
 -0.5650316      3.2848446      9.251195
 -0.5650316      3.2848446      9.251195
 -0.5650316      3.2848446      9.251195
 -0.5746084      3.217807      9.404425
 -0.51714754      3.2465374      9.461885
 -0.2873042      3.1603463      9.3182335
 -0.2777274      3.0454245      9.241618
 -0.4405331      3.1028855      9.423578
 -0.45010993      3.1028855      9.346964
 -0.46926352      3.265691      9.232041
 -0.46926352      3.2848446      9.193734
 -0.51714754      3.2082303      9.337387
 -0.4405331      3.1411927      9.385271
 -0.41180268      3.064578      9.605537
 -0.29688102      3.0262709      9.461885
 -0.2777274      2.96881      9.433155
 -0.22026655      2.9975405      9.394848
 -0.34476504      3.016694      9.3661175
 -0.4405331      3.1411927      9.308656
 -0.38307226      3.2369606      9.270349
 -0.34476504      3.169923      9.346964
 -0.31603462      2.9975405      9.433155
 -0.30645782      2.96881      9.452309
 -0.19153613      2.9975405      9.32781
 -0.25857377      3.083732      9.32781
 -0.35434186      3.0550013      9.385271
 -0.40222588      2.9879637      9.423578
 -0.4309563      3.1028855      9.471462
 -0.37349546      3.122039      9.385271
 -0.35434186      3.064578      9.385271
 -0.23942018      2.9975405      9.3661175
 -0.33518824      2.9496565      9.433155
 -0.34476504      2.9400797      9.3661175
 -0.31603462      3.0262709      9.442732
